1
64
127
190
253
316
379
442
505
568
631
694
757
820
883
946
1009
1072
1135
1198
1261
1324
1387
1450
1513
1576
1639
1702
1765
1828
1891
1954
2017
2080
2143
2206
2269
2332
2395
2458
2521
2584
2647
2710
2773
2836
2899
2962
3025
3088
3151
3214
3277
3340
3403
3466
3529
3592
3655
3718
3781
3844
3593
3654
3152
3213
695
756
3409
3775
3215
3276
3656
3717
3647
3159
3283
3649
703
1252
765
1253
2467
3016
3648
3221
632
693
1262
1323
3533
3777
3079
2530
2648
2709
3712
3346
2963
3024
3153
3275
3158
3585
2585
2646
3594
3716
2638
2089
2593
3142
2719
3268
1504
955
2457
2396
1829
1890
3405
3527
2405
3015
2081
2142
3026
3087
3719
3780
2404
2953
3284
3711
3278
3339
3782
3843
569
630
1514
1575
2152
2701
3402
3341
2594
3204
1270
1819
2088
2576
2026
2575
3220
3586
2844
3332
2969
3396
567
506
2459
2520
2
63
2657
3267
504
443
3282
3587
2151
2639
956
1566
1315
766
3347
3774
2090
2700
3095
3522
3031
3397
1332
1820
3266
2595
3160
3709
2900
2961
2954
2466
3345
3650
641
1251
1333
1882
3222
3710
3033
3521
2468
3078
2529
3017
3408
3713
2601
3638
2586
2708
1963
2512
1837
2386
2837
2898
2655
3143
633
755
2205
2144
2907
3395
2214
2702
1008
947
2663
3639
1585
2134
2720
3330
2018
2079
388
937
2718
3206
1900
2449
3720
3842
1899
2387
195
500
2656
3205
2725
3640
2600
3576
704
1314
2906
3333
3144
2717
1018
1567
1522
2071
3338
3216
1271
1881
1523
2133
3086
2964
3093
3398
2027
2637
2150
2577
3534
3839
1584
2072
3410
3837
2333
2394
3037
3769
2406
3077
893
1503
2971
3520
3344
3588
3154
3337
2602
3700
2397
2519
2403
2891
1838
2448
3387
2411
65
126
2975
3768
2161
3259
259
625
2726
3702
3258
2099
2845
3394
2475
3512
196
562
2901
3023
2342
2952
2213
2640
2082
2204
507
629
2662
3577
2664
3701
1199
1260
2712
2834
2843
3270
450
938
2473
3388
444
566
570
692
3134
2097
1962
2450
1189
640
380
441
3099
3770
577
1126
1017
1505
2968
3334
194
438
2658
3329
514
1063
2098
3196
3467
3528
2537
3513
512
939
2341
2890
1766
1827
702
1190
513
1001
2850
3704
3657
3779
451
1000
260
687
2913
3767
3404
3465
2223
3260
1901
2511
2955
2528
2724
3578
2596
3328
3471
3776
884
945
381
503
2838
2960
642
1313
3348
3836
1325
1386
3285
3773
2413
3511
2216
2826
3532
3715
1811
774
1451
1512
2160
3197
3343
3526
576
1064
3007
1909
3135
2159
389
999
2343
3014
639
1127
2105
3630
712
1810
1269
1757
258
563
2851
3766
2224
3322
3279
3401
3595
3778
3032
3459
2035
3133
1586
2196
2334
2456
2465
2892
1847
3006
515
1125
1892
1953
964
2062
578
1188
129
251
2019
2141
1972
3070
1910
3069
66
188
1010
1071
2028
2699
2479
3760
398
1557
1883
1395
2212
2578
452
1062
2912
3705
2535
3389
2167
3631
1460
2070
965
2124
3407
3651
397
1495
764
1191
3030
3335
3094
3460
2909
3519
2417
3759
1200
1322
193
376
579
1250
2162
3321
2349
3386
2036
3195
2340
2828
4
187
202
934
197
624
2849
3642
1531
2629
2970
3458
460
1558
749
261
894
1565
892
1441
1846
2944
1836
2324
1144
1693
1594
2692
1593
2630
2974
3706
2106
3692
1073
1134
522
1559
3223
3772
1207
1756
1839
2510
1208
1818
954
1442
3
125
3596
3840
3161
3771
3658
3841
2104
3568
3198
2222
948
1070
2902
3085
1080
1568
2842
3208
2100
3320
269
1245
1908
2945
2650
2833
2278
2827
1524
2195
1767
1889
445
628
3472
3838
1532
2691
2168
3693
2037
3257
3038
3831
775
1873
1961
2388
1971
3008
1136
1197
1331
1758
2474
3450
3100
3832
650
1809
1530
2567
3286
3835
2221
3136
2154
2825
2410
3325
2402
2829
1452
1574
3589
3406
1848
3068
2541
3761
3036
3707
2061
902
1775
2385
203
996
571
754
2727
3764
459
1496
67
250
204
1058
828
1316
3632
2229
2905
3271
2839
3022
2348
3324
3470
3714
71
498
2976
3830
2841
3146
2230
3694
9
497
575
1002
3217
3400
2721
3392
1341
2378
2166
3569
713
1872
2603
3762
1027
2125
1394
1821
72
560
1711
2260
3162
3833
3629
2043
1461
2132
3092
3336
2412
3449
2568
1592
521
1497
2207
2268
2325
1898
2279
2889
3155
3399
508
691
3342
3464
2344
3076
1279
2377
2604
3824
1263
1385
2536
3451
70
436
390
1061
2588
2832
565
382
8
435
1830
1952
1026
2063
2665
3763
3224
3834
711
1748
257
501
638
1065
3708
3098
701
1128
1468
2566
1459
2008
574
940
10
559
2713
2896
2848
3580
2270
2331
2847
3518
649
1747
2472
3326
2908
3457
2893
2527
252
191
2914
3829
1137
1259
2335
2518
580
1312
2355
3758
1079
1506
2042
3567
1342
2440
5
249
2351
3510
2044
3691
270
1307
903
2123
1124
453
1521
2009
2597
3390
2092
2824
2286
3323
2852
3828
516
1187
1577
1638
16
931
2480
3822
651
1871
773
1749
2020
2203
2217
2888
7
373
1469
2628
885
1007
212
1554
2911
3643
1209
1880
2659
3391
211
1492
2728
3826
73
622
2666
3825
205
1120
2228
3570
387
875
2416
3697
1583
2010
1917
3503
1776
2447
2280
2951
128
189
2418
3821
2323
1774
2464
2830
2478
3698
1539
3125
2038
3319
1280
2439
827
1254
1970
2946
2967
3272
1145
1755
3823
2542
2225
3384
1019
1629
758
819
2271
2393
78
932
69
374
2276
2703
3187
1540
2840
3084
1541
3249
2904
3209
1011
1133
767
1377
517
1249
686
198
262
811
11
621
966
2186
3281
3525
2107
3754
1074
1196
973
2620
3531
3653
1845
2882
2108
3816
1016
1443
1915
3379
2231
3756
2534
3327
3385
2287
901
1999
1855
3502
256
439
1603
3250
972
2558
2846
3456
1470
2690
201
872
206
1182
2169
3755
134
561
15
869
1703
1764
1853
3378
1081
1630
1637
1515
25
1489
2354
3696
1647
2135
1601
3126
396
1433
406
2053
446
690
2903
3147
910
2557
1602
3188
135
623
957
1628
138
809
876
449
837
1874
584
1560
2973
3644
2910
3581
587
1746
511
877
2145
2267
1979
3504
2651
2895
1028
2187
1648
2197
268
1183
1907
2883
2540
3699
963
2000
383
627
2163
3383
974
2682
1784
2943
1785
3005
76
808
588
1808
1396
1945
1710
2198
1343
2502
2170
3817
2101
3382
407
2115
2285
3261
1003
637
1146
1817
1404
2441
3530
3591
1646
2073
911
2619
1477
3124
509
753
763
1129
2714
2958
3621
1547
1138
1321
2589
2894
1082
1692
2350
3448
705
1376
3029
3273
2046
3815
207
1244
836
1812
133
499
77
870
3469
3652
949
1132
1462
2194
1311
518
1403
2379
454
1186
2045
3753
1142
1569
2281
3013
87
1490
586
1684
279
1865
3219
3524
2208
2330
17
993
26
1551
3280
3463
696
818
74
684
267
1121
84
1304
3695
2292
1694
1206
3751
1921
2526
2831
1478
3186
1351
2998
2155
2887
636
941
278
1803
3157
3523
2966
3210
458
1434
2232
3818
3035
3645
1352
3060
589
1870
208
1306
1548
3683
2293
3757
2275
2641
1272
1943
2356
3820
2723
3516
1405
2503
79
994
583
1498
391
1123
1977
3380
1546
3559
520
1435
2823
2030
523
1621
1777
2509
2972
3582
2218
2950
1960
2326
1143
1631
132
437
685
136
1089
2126
468
2054
210
1430
1704
1826
1640
1701
2599
3514
2347
3262
2711
2772
1340
2316
1278
2315
1035
2621
1334
1944
1609
3622
2965
3148
1281
2501
643
1375
634
817
3091
3274
1088
2064
1479
3248
700
1066
2272
2455
461
1620
24
1427
886
1069
1859
3750
648
1685
14
807
524
1683
83
1242
1712
2322
199
748
2781
3269
80
1056
18
1055
1916
3441
3468
3590
2338
2704
1578
1700
93
1862
912
2681
255
377
2592
3080
455
1248
530
2055
88
1552
3331
2782
2039
3381
2083
2266
3097
3646
469
2116
1854
3440
2956
2590
904
2185
1268
1695
2409
3263
2661
3515
399
1619
1786
3067
1542
3311
1217
2376
1205
1632
1036
2683
2093
2886
2649
2771
2652
2957
220
2050
3028
3211
1305
146
1414
3061
2284
3199
22
1303
145
1243
2715
3020
1012
1195
3034
3583
1034
2559
829
1378
1655
2631
2274
2579
1289
2997
1485
3620
1384
1201
3218
3462
266
1059
1783
2881
3027
3149
137
747
2591
3018
1393
1759
2774
2835
1835
2262
3089
3150
86
1428
12
683
2117
531
1608
3560
1610
3684
447
752
3090
3212
2291
3633
1969
2884
1773
2261
1983
3752
34
2047
2282
3075
3156
3461
1656
2693
981
3116
75
746
3442
1978
85
1366
585
1622
31
1861
2471
3264
2522
2583
1147
1879
573
878
1350
2936
1020
1691
1141
1507
1745
525
1484
3558
1486
3682
572
816
1550
3807
783
2369
2415
3635
375
131
3059
1290
1709
2136
217
1864
271
1369
200
810
3096
3584
2289
3509
21
1241
1604
3312
1922
3813
1768
1951
2353
3634
2722
3454
2716
3082
3137
2283
1078
1444
1310
456
1025
2001
3115
919
1075
1258
213
1616
2460
2582
1413
2999
2654
3081
2215
2764
2477
3636
982
3178
155
1863
2227
3508
462
1682
1713
2384
2598
3452
581
1374
2705
2400
3019
2653
2103
3506
2153
2763
527
1869
33
1985
2209
2392
19
1117
689
384
2346
3200
2219
3012
1090
2188
81
1118
2368
721
2587
2770
2096
3072
1587
2258
2533
3265
1897
2263
2034
3071
23
1365
526
1807
2398
2581
920
3177
1153
2251
1705
1888
1914
3317
3703
2788
2408
3201
2660
3453
3310
1480
2025
2513
1654
2569
1488
3806
1516
1699
710
1686
2787
3641
1549
3745
2165
3507
3140
2469
2273
2517
1083
1754
96
2048
414
2549
221
2112
983
3240
2470
3202
952
1318
2087
2514
2407
3139
2462
2706
2779
3145
2345
3138
2031
2885
3505
2041
2935
1288
264
935
405
1991
2336
2580
325
874
2531
3141
1330
1696
1860
3812
2414
3573
147
1367
2156
2949
2091
2762
2337
2642
950
1194
216
1802
209
1368
392
1185
1534
2815
2177
408
2780
3207
2476
3574
1596
2816
895
1627
13
745
1852
3316
510
815
2611
415
1791
3377
2094
2948
2220
3074
277
1741
2539
3637
2290
3571
1920
3689
140
933
94
1924
2523
2645
958
1690
1984
3814
1844
2820
1218
2438
2532
3203
2461
2644
42
2543
699
1004
2146
2329
519
1373
3572
2352
784
2431
2294
3819
582
1436
265
997
95
1986
961
1876
1708
2074
2024
2451
1453
1636
92
1800
1934
714
899
1875
1893
2015
393
1247
2524
2707
921
3239
2095
3010
646
1561
1612
3808
2818
1720
219
1988
1955
2016
1793
3501
2399
2643
2086
2452
776
1935
1902
2573
698
942
1457
1884
826
1192
652
1933
394
1309
1076
1320
3009
2033
1976
3318
214
1678
1487
3744
762
1067
2158
3073
2032
2947
1906
2821
1525
2257
1740
215
821
882
953
1380
32
1923
891
1379
2021
2265
529
1993
1216
2314
2210
2454
1519
1885
1964
2574
1359
3494
2538
3575
1458
1946
989
3612
1718
2694
335
1494
1721
2880
1412
2937
900
1937
2102
3444
951
1256
1449
1388
1520
1947
1858
3688
35
2109
1982
3690
1529
2505
30
1799
722
2430
890
1317
385
751
962
1938
930
3797
2226
3446
1402
2317
2011
1645
988
3550
2370
845
3011
2157
2084
2328
822
944
1043
3117
1649
2259
887
1131
2040
3443
1467
2504
465
1868
467
1992
2786
3579
1717
2632
1956
2078
2211
2516
1543
3373
927
3611
1389
1511
1210
1942
1722
2942
992
3798
2515
2149
846
2432
647
1623
2389
2023
928
3673
228
2546
448
814
139
871
2164
3445
990
3674
1926
218
3746
1611
1894
2077
835
1750
2085
2390
645
1499
1044
3179
154
1801
590
1932
1013
1257
926
3549
104
2544
2178
470
909
2495
1714
2446
142
1057
1326
1448
1219
2500
831
1502
326
936
1014
1319
403
1867
386
813
1665
3251
2029
2761
1538
3063
280
1927
82
1180
416
2673
1510
1327
659
2367
1097
2622
141
995
1139
1383
1782
2819
1968
2822
2783
3393
1472
2814
476
2550
830
1440
2789
3765
1397
2007
772
1687
457
1372
400
1681
2288
3447
1476
3062
2147
2391
334
1432
1421
3495
538
2551
2775
2897
1664
3189
149
1491
1797
3749
760
943
528
1931
1641
1763
1481
3372
156
1925
847
2494
477
2612
20
1179
879
635
1663
3127
2148
2453
344
2052
6
311
103
2482
1087
2002
395
1371
2560
1096
1959
2264
2022
2327
1151
2127
3241
1045
463
1744
856
3052
192
314
971
2496
97
2110
592
2056
785
2493
464
1806
1716
2570
1140
1445
41
2481
825
1130
1545
3497
532
2179
1357
3370
43
2605
1466
2442
2065
1150
1152
2189
918
3053
660
2429
1119
143
922
3301
929
3735
761
1005
1715
2508
1965
2636
960
1814
336
1556
838
1936
1528
2443
839
1998
666
2801
68
312
1084
1816
1483
3496
1723
3004
1204
1570
229
2608
148
1429
1021
1753
1533
2753
1903
2635
317
378
2069
1398
723
2492
1297
3493
1973
3132
1098
2684
1728
3314
1335
2006
3827
2790
1023
1877
150
1553
908
2433
1085
1878
1792
3439
404
1929
1911
3131
1790
3315
984
3302
1358
3432
1406
2565
402
1805
1840
2572
539
2613
3066
1724
782
2307
1349
2874
604
2800
343
1990
1605
3374
27
1613
1831
2014
263
873
466
1930
1707
2012
1155
2375
227
2484
502
319
898
1813
991
3736
1957
2140
840
2060
2248
967
2420
102
1772
2199
273
1493
423
3107
1015
1381
1582
1948
1419
3371
1456
1822
1148
1941
644
1437
1203
1508
1729
3376
1029
2249
274
1555
2256
1463
1227
2996
823
1006
1420
3433
855
2990
824
1068
1671
3623
2506
1591
2784
3455
1974
3194
959
1752
276
1679
661
2491
1277
2253
1581
1886
1390
1573
1689
896
2776
2959
1363
3742
1657
2755
3256
1975
1051
3613
980
3054
1077
1382
1727
3252
832
1564
345
2114
1706
1950
1339
2254
1535
2877
1912
3193
1698
1454
1966
2698
1475
3000
888
1193
222
2174
1981
3628
1228
3058
401
1743
50
3039
848
2556
1465
2380
1919
3627
3040
112
352
2548
728
2802
720
2306
1658
2817
593
2118
1913
3255
3811
1798
327
998
1024
1939
1572
1328
40
2419
1537
3001
28
1675
1518
1823
1595
2754
1050
3551
1154
2313
889
1255
105
2606
1980
3566
2339
2766
1918
3565
1425
3743
923
3363
925
3487
1672
3685
91
1738
90
1676
1544
3435
1895
2139
591
1994
424
3169
3783
62
29
1737
1364
3804
1156
2437
1600
3064
970
2434
1411
2875
1958
2202
353
2610
2785
3517
794
3051
1473
2876
1482
3434
1666
3313
1157
2499
272
1431
1446
1202
1719
2756
674
3297
599
2490
1022
1815
1904
2697
1896
2201
1344
2564
478
2674
1054
3799
914
2805
1336
2068
1697
1392
537
2489
1725
3128
288
2423
1796
3687
2381
1527
2076
1832
1426
3805
1052
3675
1726
3190
51
3101
907
2371
1734
3686
3561
1670
318
440
89
1614
1264
1447
165
2483
1642
1825
1579
1762
320
564
2938
1474
157
1987
1149
2003
1267
1633
793
2989
1607
3498
917
2991
158
2049
413
2487
1265
1509
287
2361
226
2422
124
3784
1471
2752
844
2308
1536
2939
1735
3748
905
2247
434
3789
289
2485
1643
1887
1091
2250
1517
1761
598
2428
612
3296
863
3486
1295
3369
130
313
1849
3130
1526
2319
1731
3500
1226
2934
36
2171
328
1060
1086
1940
854
2928
1287
2873
2862
605
987
3488
1597
2878
144
1181
1296
3431
1857
3626
101
2358
1834
2200
164
2421
1033
2497
736
3298
294
2795
897
1751
236
3042
708
1562
1407
2627
1851
3254
1464
2318
3021
2777
1590
2444
2778
3083
1634
1329
425
3231
237
3104
790
2803
248
3786
3102
113
1856
3564
732
3050
1399
2131
2634
1841
976
2806
726
2678
1158
2561
1105
3118
985
3364
1850
3192
812
324
735
3236
540
2675
1778
2571
1688
834
485
3108
354
2672
924
3425
597
2366
1424
3681
2401
2767
44
2667
1455
1760
868
3796
1650
2321
475
2488
849
2618
1415
3123
1674
3809
1266
1571
471
2240
341
1866
709
1624
361
3106
880
697
52
3163
430
3541
1401
2255
1215
2252
1733
3624
1770
2075
707
1500
230
2670
1769
2013
673
3235
275
1617
2545
166
174
3041
841
2122
536
2427
431
3603
759
881
542
2799
2241
533
731
2988
2552
600
2320
1588
2929
916
39
2357
2277
2765
603
2738
547
3109
2744
975
333
1370
422
3045
658
2305
1106
3180
1771
2137
1824
1580
3665
432
969
2372
2176
346
867
3734
1606
3436
670
3049
667
2863
153
1739
1301
3741
225
2360
362
3168
342
1928
1166
3057
2525
2769
1736
3810
768
1439
1673
3747
1418
3309
412
2425
2623
1159
543
2861
1046
3303
1212
2066
862
3424
861
3362
2867
915
857
3114
1362
3680
706
1438
1842
2696
788
2679
1416
3185
769
1501
906
2309
486
3170
665
2739
163
2359
351
2486
337
1618
1053
3737
595
2242
409
2239
481
2860
1732
3562
332
1308
979
2992
329
1122
254
315
111
2978
3473
57
114
3164
1599
3002
98
2172
1644
1949
1302
3803
350
2424
664
2677
1042
3055
1833
2138
833
1626
61
3721
1095
2498
3659
60
797
3237
1662
3065
49
2977
727
2740
238
3166
2463
2768
2695
1780
58
3535
3426
986
1422
3557
1635
1391
1653
2507
152
1677
3602
369
792
2927
360
3044
298
3043
1273
2005
119
3474
1779
2633
718
2182
798
3299
370
3664
363
3230
3790
496
99
2234
913
2743
546
3047
368
3540
480
2798
866
3672
106
2668
770
1563
293
2733
1032
2435
1789
3253
433
3727
321
626
1589
2382
1787
3129
3171
548
1423
3619
151
1615
3438
1730
37
2233
780
2183
657
2243
302
3291
159
2111
3176
858
1659
2879
1345
2626
613
3358
741
3608
608
3048
1408
2689
123
3722
372
3788
3492
1235
1353
3122
340
1804
843
2246
1598
2940
1667
3375
1788
3191
558
3791
654
2057
771
1625
281
1989
734
3174
3308
1356
653
1995
59
3597
282
2051
1651
2383
1211
2004
3625
1795
679
3607
371
3726
1107
3242
484
3046
120
3536
1417
3247
2236
223
1410
2813
680
3669
1400
2193
864
3548
3670
742
349
2362
2982
359
1240
3802
1161
2747
295
2857
2607
167
474
2426
429
3479
675
3359
1337
2130
2365
535
122
3660
853
2866
53
3225
1101
2870
1794
3563
1165
2995
1038
2807
611
3234
850
2680
169
2731
594
2180
2616
725
865
3610
968
2310
1116
3800
669
2987
330
1184
1160
2685
367
3478
244
3538
364
3292
170
2793
1652
2445
186
3785
366
3416
173
2979
232
2794
1843
2758
1669
3499
2190
1214
1360
3556
719
2244
1049
3489
411
2363
2614
601
339
1742
2920
358
492
3542
1246
331
243
3476
1112
3552
1284
2687
550
3295
235
2980
1905
2759
365
3354
1094
2436
789
2741
107
2730
1213
2128
801
3485
1660
2941
3300
860
1354
3184
733
3112
1680
338
842
2184
803
3609
3229
301
1282
2563
796
3175
3598
121
175
3103
859
3238
672
3173
729
2864
1113
3614
2924
606
161
2235
56
3411
247
3724
356
2796
3430
1234
1661
3003
482
2922
3293
426
740
3546
487
3232
730
2926
118
3412
2923
544
2930
978
246
3662
297
2981
181
3475
3119
1167
1037
2745
347
2238
1274
2067
554
3543
233
2856
2932
1102
55
3349
417
2735
357
2858
2737
541
717
2120
108
2792
977
2868
618
3668
779
2121
1220
2562
1225
2872
3056
1104
2245
781
1172
3429
421
2983
1293
3245
3604
493
292
2671
1047
3365
1031
2373
286
2299
1361
3618
678
3545
3600
245
787
2617
348
2300
239
3228
804
3671
2547
290
1967
2760
3226
115
681
3731
1348
2812
551
3357
617
3606
285
2237
176
3165
117
3350
427
3355
1233
3368
795
3113
2296
100
1239
3740
1048
3427
3437
1668
1173
3491
494
3666
2808
1100
1114
3676
46
2791
3360
737
428
3417
185
3723
110
2916
180
3413
1109
3366
1164
2933
3730
619
171
2855
1168
3181
48
2915
1030
2311
1285
2749
3605
555
1041
2993
2192
1338
3244
1231
182
3537
284
2175
3547
802
38
2295
303
3353
224
2298
671
3111
488
3294
1300
3679
473
2364
2553
662
2304
596
3732
743
777
1997
656
2181
1170
3305
489
3356
3484
739
2374
1093
3287
54
322
688
655
2119
3616
1237
307
3601
3801
1178
308
3663
620
3792
1286
2811
3414
242
283
2113
184
3661
1355
3246
549
3233
2804
852
2686
1222
3477
305
3306
1232
609
3110
2297
162
724
2554
323
750
410
2301
2688
1346
109
2854
1276
2191
183
3599
2810
1224
3728
495
1221
2624
178
3289
663
2615
553
3481
310
3787
800
3423
556
3667
1162
2809
1781
2757
3480
491
614
3420
47
2853
2986
607
355
2734
2859
419
2669
168
300
3167
1108
3304
2865
791
172
2917
1092
2312
160
2173
715
1996
676
3421
616
3544
1299
3617
479
2736
545
2985
1292
3183
602
2676
240
3290
3120
1229
557
3729
2302
472
3795
806
1115
3738
231
2732
2994
1103
306
3539
1177
3739
2751
1409
3351
179
1275
2129
1176
3677
291
2609
3415
304
677
3483
490
3418
241
3352
2303
534
3725
309
116
3288
1174
3553
3182
1230
3554
1236
3794
744
1291
3121
716
2058
418
2797
1171
3367
1111
3490
45
2729
786
2555
1175
3615
2750
1347
3555
1298
2921
420
1099
2746
1110
3428
3733
805
1163
2871
668
2925
234
2918
1169
3243
610
3172
177
3227
1283
2625
682
3793
2931
1040
296
2919
615
3482
778
2059
483
2984
3422
738
1039
2869
1238
3678
1294
3307
3105
299
3419
552
799
3361
851
2742
2748
1223